        8          0.000082386
        16          0.000054693
        32          0.000056582
        64          0.000059512
       128          0.000060186
       256          0.000063719
       512          0.000071344
      1024          0.000082555
      2048          0.000108706
      4096          0.000111020
      8192          0.000166125
     16384          0.000312354
     32768          0.000430591
     65536          0.000862149
    131072          0.001648122
    262144          0.002519262
    524288          0.004833529
   1048576          0.009642277
   2097152          0.018506704
   4194304          0.036627112
   8388608          0.072605477
  16777216          0.144870304
  33554432          0.293533952
  67108864          0.577785772
 134217728          1.154942401
 268435456          2.342851243
 536870912          4.645423490
1073741824          9.248576800
